# File generated by CMD 3.8 (http://stev.oapd.inaf.it/cmd) on Fri Mar 21 09:55:47 UTC 2025
# isochrones based on PARSEC release v1.2S +  COLIBRI S_37 + S_35 + PR16
# Basic references: Bressan et al. (2012), MNRAS, 427, 127 + Chen et al. (2014, 2015), MNRAS, 444, 2525 + MNRAS, 452, 1068 + Tang et al. (2014), MNRAS, 445, 4287 + Marigo et al. (2017), ApJ, 835, 77 + Pastorelli al. (2019), MNRAS, 485, 5666 + Pastorelli al. (2020), MNRAS, in press
# Thermal pulse cycles included 
# On RGB, assumed Reimers mass loss with efficiency eta=0.2
# LPV periods and growth rates added cf. Trabucchi et al. (2019)
# but fundamental-mode LPV periods + transition are from Trabucchi et al. (2021)
# Photometric system: HST/ACS WFC - updated filters and zeropoints, 2021
# Using YBC version of bolometric corrections as in Chen et al. (2019)
# O-rich circumstellar dpmod60alox40 dust from Groenewegen (2006)
# C-rich circumstellar AMCSIC15 dust from Groenewegen (2006)
# IMF: Kroupa (2001, 2002) + Kroupa et al. (2013) canonical two-part-power law IMF corrected for unresolved binaries 
# Kind of output: isochrone tables
Zini     MH   logAge Mini        int_IMF         Mass   logL    logTe  logg  label   McoreTP C_O  period0  period1  period2  period3  period4  pmode  Mloss  tau1m   X   Y   Xc  Xn  Xo  Cexcess  Z 	 mbolmag  F435Wmag  F475Wmag  F555Wmag  F606Wmag  F625Wmag  F775Wmag  F814Wmag
0.0054091 -0.45000 9.95424 0.0900000036 1.0816895926    0.090 -3.335  3.4016  5.286    1  0.000  0.545     0.00     0.00     0.00     0.00     0.00 -1 -4.41e-17      0.00 7.349e-01 2.596e-01 9.870e-04 2.663e-04 2.415e-03 -1.000 5.489e-03 13.107 19.859 18.699 17.868 16.890 16.567 13.572 13.131
0.0054091 -0.45000 9.95424 0.1000000015 1.1711064122    0.100 -3.127  3.4317  5.243    1  0.000  0.545     0.00     0.00     0.00     0.00     0.00 -1  -7.1e-17      0.00 7.344e-01 2.601e-01 9.870e-04 2.663e-04 2.415e-03 -1.000 5.489e-03 12.587 18.740 17.684 16.844 15.939 15.612 12.886 12.492
0.0054091 -0.45000 9.95424 0.1199999973 1.3193154249    0.120 -2.861  3.4635  5.184    1  0.000  0.545     0.00     0.00     0.00     0.00     0.00 -1 -1.28e-16      0.00 7.334e-01 2.611e-01 9.870e-04 2.663e-04 2.415e-03 -1.000 5.489e-03 11.923 16.943 16.066 15.220 14.455 14.126 11.908 11.602
0.0054091 -0.45000 9.95424 0.1354725212 1.4135060406    0.135 -2.715  3.4789  5.152    1  0.000  0.545     0.00     0.00     0.00     0.00     0.00 -1 -1.75e-16      0.00 7.327e-01 2.618e-01 9.870e-04 2.663e-04 2.415e-03 -1.000 5.488e-03 11.558 16.091 15.284 14.430 13.722 13.390 11.418 11.148
0.0054091 -0.45000 9.95424 0.1400000006 1.4384526719    0.140 -2.676  3.4831  5.144    1  0.000  0.545     0.00     0.00     0.00     0.00     0.00 -1  -1.9e-16      0.00 7.325e-01 2.620e-01 9.870e-04 2.663e-04 2.415e-03 -1.000 5.489e-03 11.459 15.867 15.077 14.220 13.526 13.192 11.288 11.027
0.0054091 -0.45000 9.95424 0.1447592527 1.4635701885    0.145 -2.640  3.4864  5.136    1  0.000  0.545     0.00     0.00     0.00     0.00     0.00 -1 -2.05e-16      0.00 7.323e-01 2.622e-01 9.870e-04 2.663e-04 2.415e-03 -1.000 5.489e-03 11.369 15.680 14.903 14.043 13.358 13.024 11.174 10.921
0.0054091 -0.45000 9.95424 0.1599999964 1.5372931554    0.160 -2.533  3.4962  5.112    1  0.000  0.545     0.00     0.00     0.00     0.00     0.00 -1 -2.56e-16      0.00 7.316e-01 2.629e-01 9.870e-04 2.663e-04 2.415e-03 -1.000 5.489e-03 11.102 15.142 14.400 13.539 12.882 12.545 10.841 10.608
0.0054091 -0.45000 9.95424 0.1999999881 1.6938790356    0.200 -2.312  3.5142  5.060    1  0.000  0.545     0.00     0.00     0.00     0.00     0.00 -1 -4.05e-16      0.00 7.304e-01 2.641e-01 9.870e-04 2.663e-04 2.415e-03 -1.000 5.489e-03 10.549 14.159 13.471 12.616 11.999 11.659 10.191 9.989
0.0054091 -0.45000 9.95424 0.2500000000 1.8403257998    0.250 -2.101  3.5286  5.003    1  0.000  0.545     0.00     0.00     0.00     0.00     0.00 -1 -2.86e-16      0.00 7.296e-01 2.650e-01 9.870e-04 2.663e-04 2.415e-03 -1.000 5.488e-03 10.022 13.336 12.686 11.847 11.254 10.914 9.603 9.421
0.0054091 -0.45000 9.95424 0.3000000119 1.9529139769    0.300 -1.938  3.5384  4.958    1  0.000  0.545     0.00     0.00     0.00     0.00     0.00 -1 -4.59e-16      0.00 7.294e-01 2.651e-01 9.870e-04 2.663e-04 2.415e-03 -1.000 5.489e-03 9.614 12.754 12.128 11.303 10.724 10.385 9.161 8.991
0.0054091 -0.45000 9.95424 0.3263918161 2.0029349807    0.326 -1.859  3.5429  4.934    1  0.000  0.545     0.00     0.00     0.00     0.00     0.00 -1 -1.04e-15      0.00 7.332e-01 2.613e-01 9.870e-04 2.663e-04 2.415e-03 -1.000 5.489e-03 9.417 12.482 11.866 11.048 10.475 10.136 8.950 8.785
0.0054091 -0.45000 9.95424 0.3499999642 2.0434174156    0.350 -1.793  3.5467  4.914    1  0.000  0.545     0.00     0.00     0.00     0.00     0.00 -1 -1.19e-15      0.00 7.360e-01 2.585e-01 9.870e-04 2.663e-04 2.415e-03 -1.000 5.489e-03 9.252 12.257 11.650 10.838 10.269 9.930 8.775 8.614
0.0054091 -0.45000 9.95424 0.3999999762 2.1185023988    0.400 -1.641  3.5580  4.865    1  0.000  0.545     0.00     0.00     0.00     0.00     0.00 -1 -1.68e-15      0.00 7.362e-01 2.583e-01 9.870e-04 2.663e-04 2.415e-03 -1.000 5.489e-03 8.872 11.705 11.119 10.322 9.764 9.426 8.364 8.216
0.0054091 -0.45000 9.95424 0.4499999881 2.1822809009    0.450 -1.474  3.5727  4.808    1  0.000  0.545     0.00     0.00     0.00     0.00     0.00 -1 -2.48e-15      0.00 7.362e-01 2.583e-01 9.870e-04 2.663e-04 2.415e-03 -1.000 5.489e-03 8.456 11.087 10.522 9.745 9.198 8.861 7.914 7.781
0.0054091 -0.45000 9.95424 0.4999999404 2.2374540715    0.500 -1.295  3.5920  4.752    1  0.000  0.545     0.00     0.00     0.00     0.00     0.00 -1 -3.79e-15      0.00 7.362e-01 2.583e-01 9.870e-04 2.663e-04 2.415e-03 -1.000 5.489e-03 8.008 10.398 9.862 9.115 8.589 8.256 7.432 7.316
0.0054091 -0.45000 9.95424 0.5301258564 2.2664917390    0.530 -1.173  3.6084  4.720    1  0.000  0.545     0.00     0.00     0.00     0.00     0.00 -1 -5.06e-15      0.00 7.510e-01 2.438e-01 9.355e-04 2.525e-04 2.290e-03 -1.000 5.216e-03 7.702 9.897 9.390 8.677 8.174 7.849 7.105 7.001
0.0054091 -0.45000 9.95424 0.5500000119 2.2836582633    0.550 -1.096  3.6186  4.701    1  0.000  0.545     0.00     0.00     0.00     0.00     0.00 -1 -6.06e-15      0.00 7.598e-01 2.351e-01 9.049e-04 2.443e-04 2.216e-03 -1.000 5.054e-03 7.510 9.582 9.096 8.407 7.922 7.603 6.904 6.806
0.0054091 -0.45000 9.95424 0.5665532947 2.2969041439    0.566 -1.031  3.6290  4.690    1  0.000  0.544     0.00     0.00     0.00     0.00     0.00 -1 -7.01e-15      0.00 7.611e-01 2.339e-01 9.010e-04 2.432e-04 2.206e-03 -1.000 5.036e-03 7.349 9.292 8.828 8.165 7.700 7.389 6.733 6.641
0.0054091 -0.45000 9.95424 0.5999999642 2.3211212854    0.600 -0.906  3.6493  4.671    1  0.000  0.544     0.00     0.00     0.00     0.00     0.00 -1 -9.31e-15      0.00 7.635e-01 2.315e-01 8.931e-04 2.411e-04 2.188e-03 -1.000 5.007e-03 7.034 8.699 8.281 7.680 7.264 6.972 6.400 6.320
0.0054091 -0.45000 9.95424 0.6499999166 2.3520352771    0.650 -0.716  3.6825  4.649    1  0.000  0.544     0.00     0.00     0.00     0.00     0.00 -1 -1.42e-14      0.00 7.671e-01 2.280e-01 8.819e-04 2.382e-04 2.162e-03 -1.000 4.890e-03 6.561 7.830 7.464 6.960 6.626 6.377 5.902 5.838
0.0054091 -0.45000 9.95424 0.6537072062 2.3541118424    0.654 -0.703  3.6847  4.647    1  0.000  0.544     0.00     0.00     0.00     0.00     0.00 -1 -1.46e-14      0.00 7.674e-01 2.277e-01 8.808e-04 2.379e-04 2.159e-03 -1.000 4.882e-03 6.527 7.774 7.411 6.913 6.583 6.337 5.867 5.803
0.0054091 -0.45000 9.95424 0.6740714908 2.3650516078    0.674 -0.629  3.6966  4.634    1  0.000  0.544     0.00     0.00     0.00     0.00     0.00 -1 -1.73e-14      0.00 7.692e-01 2.259e-01 8.748e-04 2.363e-04 2.145e-03 -1.000 4.843e-03 6.343 7.480 7.131 6.661 6.356 6.124 5.678 5.619
0.0054091 -0.45000 9.95424 0.6935604215 2.3748322883    0.694 -0.559  3.7077  4.621    1  0.000  0.544     0.00     0.00     0.00     0.00     0.00 -1 -2.04e-14      0.00 7.710e-01 2.242e-01 8.690e-04 2.347e-04 2.131e-03 -1.000 4.821e-03 6.168 7.211 6.877 6.432 6.148 5.929 5.504 5.449
0.0054091 -0.45000 9.95424 0.6999999881 2.3779266974    0.700 -0.536  3.7113  4.616    1  0.000  0.544     0.00     0.00     0.00     0.00     0.00 -1 -2.15e-14      0.00 7.716e-01 2.236e-01 8.670e-04 2.342e-04 2.126e-03 -1.000 4.782e-03 6.110 7.125 6.796 6.358 6.080 5.866 5.447 5.393
0.0054091 -0.45000 9.95424 0.7047236562 2.3801552621    0.705 -0.519  3.7139  4.613    1  0.000  0.543     0.00     0.00     0.00     0.00     0.00 -1 -2.23e-14      0.00 7.721e-01 2.231e-01 8.643e-04 2.337e-04 2.123e-03 -1.000 4.768e-03 6.068 7.063 6.738 6.305 6.032 5.820 5.406 5.353
0.0054091 -0.45000 9.95424 0.7206932306 2.3874413540    0.721 -0.462  3.7227  4.600    1  0.000  0.541     0.00     0.00     0.00     0.00     0.00 -1 -2.56e-14      0.00 7.738e-01 2.214e-01 8.552e-04 2.322e-04 2.110e-03 -1.000 4.793e-03 5.925 6.856 6.543 6.128 5.869 5.666 5.266 5.216
0.0054091 -0.45000 9.95424 0.7353603840 2.3938135973    0.735 -0.409  3.7305  4.588    1  0.000  0.538     0.00     0.00     0.00     0.00     0.00 -1  -2.9e-14      0.00 7.753e-01 2.199e-01 8.469e-04 2.308e-04 2.098e-03 -1.000 4.785e-03 5.793 6.671 6.369 5.969 5.721 5.526 5.139 5.091
0.0054091 -0.45000 9.95424 0.7488724589 2.3994306902    0.749 -0.361  3.7375  4.575    1  0.000  0.536     0.00     0.00     0.00     0.00     0.00 -1 -3.26e-14      0.00 7.767e-01 2.185e-01 8.394e-04 2.295e-04 2.087e-03 -1.000 4.716e-03 5.672 6.504 6.214 5.827 5.589 5.400 5.024 4.978
0.0054091 -0.45000 9.95424 0.7494187951 2.3996529124    0.749 -0.359  3.7378  4.574    1  0.000  0.536     0.00     0.00     0.00     0.00     0.00 -1 -3.27e-14      0.00 7.768e-01 2.185e-01 8.391e-04 2.295e-04 2.087e-03 -1.000 4.714e-03 5.667 6.497 6.207 5.821 5.584 5.395 5.019 4.974
0.0054091 -0.45000 9.95424 0.7574668527 2.4028837920    0.757 -0.330  3.7415  4.565    1  0.000  0.536     0.00     0.00     0.00     0.00     0.00 -1 -3.52e-14      0.00 7.780e-01 2.173e-01 8.354e-04 2.285e-04 2.078e-03 -1.000 4.692e-03 5.594 6.402 6.118 5.739 5.506 5.321 4.951 4.907
0.0054091 -0.45000 9.95424 0.7705585957 2.4079740074    0.770 -0.282  3.7473  4.548    1  0.000  0.536     0.00     0.00     0.00     0.00     0.00 -1 -3.97e-14      0.00 7.799e-01 2.155e-01 8.294e-04 2.269e-04 2.064e-03 -1.000 4.682e-03 5.476 6.250 5.974 5.606 5.381 5.201 4.841 4.798
0.0054091 -0.45000 9.95424 0.7825828195 2.4124770223    0.782 -0.239  3.7525  4.532    1  0.000  0.536     0.00     0.00     0.00     0.00     0.00 -1 -4.43e-14      0.00 7.816e-01 2.137e-01 8.237e-04 2.254e-04 2.050e-03 -1.000 4.688e-03 5.367 6.111 5.844 5.485 5.267 5.092 4.739 4.698
0.0054091 -0.45000 9.95424 0.7940567136 2.4166280354    0.794 -0.197  3.7572  4.515    1  0.000  0.536     0.00     0.00     0.00     0.00     0.00 -1 -4.94e-14      0.00 7.834e-01 2.120e-01 8.181e-04 2.238e-04 2.036e-03 -1.000 4.621e-03 5.262 5.979 5.720 5.370 5.158 4.987 4.641 4.601
0.0054091 -0.45000 9.95424 0.7988376617 2.4183172609    0.798 -0.179  3.7592  4.508    1  0.000  0.536     0.00     0.00     0.00     0.00     0.00 -1 -5.17e-14      0.00 7.841e-01 2.113e-01 8.157e-04 2.232e-04 2.031e-03 -1.000 4.588e-03 5.218 5.925 5.669 5.322 5.113 4.943 4.601 4.561
0.0054091 -0.45000 9.95424 0.8104673028 2.4223307816    0.810 -0.136  3.7634  4.488    1  0.000  0.535     0.00     0.00     0.00     0.00     0.00 -1  -5.8e-14      0.00 7.864e-01 2.090e-01 8.085e-04 2.213e-04 2.013e-03 -1.000 4.591e-03 5.110 5.794 5.545 5.207 5.003 4.837 4.501 4.462
0.0054091 -0.45000 9.95424 0.8227376342 2.4264242595    0.822 -0.090  3.7677  4.465    1  0.000  0.535     0.00     0.00     0.00     0.00     0.00 -1 -6.57e-14      0.00 7.889e-01 2.065e-01 8.005e-04 2.192e-04 1.994e-03 -1.000 4.566e-03 4.994 5.654 5.413 5.083 4.885 4.722 4.393 4.356
0.0054091 -0.45000 9.95424 0.8337401748 2.4299772087    0.833 -0.047  3.7713  4.443    1  0.000  0.535     0.00     0.00     0.00     0.00     0.00 -1 -7.38e-14      0.00 7.913e-01 2.042e-01 7.931e-04 2.172e-04 1.977e-03 -1.000 4.506e-03 4.888 5.528 5.294 4.972 4.777 4.618 4.295 4.258
0.0054091 -0.45000 9.95424 0.8445445895 2.4333627781    0.844 -0.005  3.7747  4.419    1  0.000  0.535     0.00     0.00     0.00     0.00     0.00 -1 -8.31e-14      0.00 7.937e-01 2.019e-01 7.857e-04 2.151e-04 1.959e-03 -1.000 4.440e-03 4.781 5.403 5.176 4.860 4.670 4.514 4.195 4.160
0.0054091 -0.45000 9.95424 0.8482564688 2.4345030321    0.847  0.010  3.7758  4.411    1  0.000  0.535     0.00     0.00     0.00     0.00     0.00 -1 -8.66e-14      0.00 7.945e-01 2.011e-01 7.830e-04 2.144e-04 1.952e-03 -1.000 4.419e-03 4.744 5.360 5.135 4.821 4.633 4.477 4.161 4.126
0.0054091 -0.45000 9.95424 0.8626682758 2.4388234429    0.862  0.070  3.7797  4.374    1  0.000  0.534     0.00     0.00     0.00     0.00     0.00 -1 -1.03e-13      0.00 7.989e-01 1.968e-01 7.692e-04 2.107e-04 1.919e-03 -1.000 4.336e-03 4.595 5.188 4.971 4.666 4.482 4.330 4.020 3.986
0.0054091 -0.45000 9.95424 0.8765946031 2.4428434842    0.875  0.130  3.7831  4.334    1  0.000  0.534     0.00     0.00     0.00     0.00     0.00 -1 -1.23e-13      0.00 8.033e-01 1.925e-01 7.555e-04 2.071e-04 1.886e-03 -1.000 4.278e-03 4.444 5.020 4.809 4.511 4.331 4.182 3.877 3.845
0.0054091 -0.45000 9.95424 0.8895354867 2.4464496023    0.888  0.187  3.7855  4.294    1  0.000  0.534     0.00     0.00     0.00     0.00     0.00 -1 -1.45e-13      0.00 8.073e-01 1.884e-01 7.426e-04 2.036e-04 1.855e-03 -1.000 4.255e-03 4.304 4.866 4.660 4.368 4.191 4.044 3.743 3.711
0.0054091 -0.45000 9.95424 0.8976752758 2.4486566870    0.896  0.223  3.7866  4.266    1  0.000  0.533     0.00     0.00     0.00     0.00     0.00 -1 -1.63e-13      0.00 8.096e-01 1.862e-01 7.354e-04 2.017e-04 1.838e-03 -1.000 4.185e-03 4.212 4.767 4.564 4.274 4.098 3.952 3.654 3.622
0.0054091 -0.45000 9.95424 0.8998822570 2.4492471976    0.899  0.233  3.7869  4.258    1  0.000  0.533     0.00     0.00     0.00     0.00     0.00 -1 -1.68e-13      0.00 8.103e-01 1.855e-01 7.333e-04 2.011e-04 1.833e-03 -1.000 4.163e-03 4.187 4.741 4.538 4.249 4.073 3.928 3.629 3.597
0.0054091 -0.45000 9.95424 0.9084105492 2.4514980907    0.907  0.275  3.7878  4.224    1  0.000  0.533     0.00     0.00     0.00     0.00     0.00 -1 -1.91e-13      0.00 8.111e-01 1.848e-01 7.309e-04 2.004e-04 1.827e-03 -1.000 4.153e-03 4.083 4.631 4.431 4.143 3.969 3.824 3.527 3.496
0.0054091 -0.45000 9.95424 0.9099893570 2.4519094704    0.909  0.283  3.7879  4.217    1  0.000  0.533     0.00     0.00     0.00     0.00     0.00 -1 -1.97e-13      0.00 8.112e-01 1.846e-01 7.304e-04 2.003e-04 1.826e-03 -1.000 4.151e-03 4.063 4.611 4.410 4.123 3.949 3.804 3.508 3.476
0.0054091 -0.45000 9.95424 0.9115964770 2.4523265445    0.910  0.291  3.7879  4.210    1  0.000  0.533     0.00     0.00     0.00     0.00     0.00 -1 -2.02e-13      0.00 8.114e-01 1.845e-01 7.301e-04 2.003e-04 1.826e-03 -1.000 4.150e-03 4.042 4.589 4.389 4.102 3.928 3.784 3.487 3.456
0.0054091 -0.45000 9.95424 0.9211691618 2.4547761803    0.920  0.342  3.7876  4.162    1  0.000  0.533     0.00     0.00     0.00     0.00     0.00 -1 -2.38e-13      0.00 8.117e-01 1.841e-01 7.296e-04 2.001e-04 1.825e-03 -1.000 4.138e-03 3.914 4.461 4.261 3.974 3.800 3.655 3.358 3.327
0.0054091 -0.45000 9.95424 0.9294872880 2.4568577261    0.928  0.390  3.7861  4.112    1  0.000  0.533     0.00     0.00     0.00     0.00     0.00 -1 -2.79e-13      0.00 8.110e-01 1.848e-01 7.338e-04 2.013e-04 1.835e-03 -1.000 4.156e-03 3.795 4.348 4.146 3.857 3.681 3.535 3.236 3.204
0.0054091 -0.45000 9.95424 0.9346488714 2.4581279706    0.933  0.421  3.7846  4.078    1  0.000  0.533     0.00     0.00     0.00     0.00     0.00 -1 -3.12e-13      0.00 8.098e-01 1.860e-01 7.393e-04 2.029e-04 1.850e-03 -1.000 4.200e-03 3.719 4.278 4.073 3.782 3.605 3.458 3.157 3.125
0.0054091 -0.45000 9.95424 0.9375199080 2.4588275632    0.936  0.439  3.7827  4.053    2  0.000  0.533     0.00     0.00     0.00     0.00     0.00 -1 -3.34e-13      0.00 8.069e-01 1.889e-01 7.512e-04 2.061e-04 1.879e-03 -1.000 4.251e-03 3.673 4.241 4.033 3.738 3.559 3.411 3.107 3.074
0.0054091 -0.45000 9.95424 0.9440245628 2.4603944810    0.942  0.480  3.7762  3.989    2  0.000  0.533     0.00     0.00     0.00     0.00     0.00 -1 -3.93e-13      0.00 7.951e-01 2.004e-01 7.935e-04 2.176e-04 1.983e-03 -1.000 4.473e-03 3.570 4.169 3.950 3.643 3.458 3.305 2.992 2.957
0.0054091 -0.45000 9.95424 0.9470940828 2.4611253128    0.945  0.498  3.7717  3.954    2  0.000  0.534     0.00     0.00     0.00     0.00     0.00 -1 -4.26e-13      0.00 7.869e-01 2.084e-01 8.210e-04 2.250e-04 2.050e-03 -1.000 4.633e-03 3.524 4.147 3.920 3.604 3.414 3.257 2.937 2.901
0.0054091 -0.45000 9.95424 0.9502629638 2.4618741085    0.948  0.515  3.7643  3.909    2  0.000  0.535     0.00     0.00     0.00     0.00     0.00 -1 -4.66e-13      0.00 7.750e-01 2.201e-01 8.583e-04 2.351e-04 2.141e-03 -1.000 4.855e-03 3.483 4.145 3.905 3.576 3.377 3.215 2.883 2.845
0.0054091 -0.45000 9.95424 0.9525972009 2.4624220178    0.951  0.522  3.7552  3.867    2  0.000  0.535     0.00     0.00     0.00     0.00     0.00 -1 -4.97e-13      0.00 7.652e-01 2.298e-01 8.875e-04 2.429e-04 2.210e-03 -1.000 5.036e-03 3.466 4.178 3.923 3.577 3.368 3.199 2.853 2.812
0.0054091 -0.45000 9.95424 0.9541790485 2.4627915688    0.952  0.523  3.7465  3.832    2  0.000  0.536     0.00     0.00     0.00     0.00     0.00 -1 -5.19e-13      0.00 7.591e-01 2.357e-01 9.051e-04 2.476e-04 2.252e-03 -1.000 5.130e-03 3.463 4.225 3.956 3.594 3.375 3.199 2.839 2.796
0.0054091 -0.45000 9.95424 0.9556319714 2.4631297611    0.954  0.527  3.7372  3.791    2  0.000  0.536     0.00     0.00     0.00     0.00     0.00 -1 -5.48e-13      0.00 7.545e-01 2.403e-01 9.182e-04 2.511e-04 2.283e-03 -1.000 5.206e-03 3.453 4.272 3.987 3.609 3.378 3.195 2.820 2.774
0.0054091 -0.45000 9.95424 0.9570728540 2.4634639849    0.955  0.543  3.7283  3.740    2  0.000  0.537     0.00     0.00     0.00     0.00     0.00 -1 -6.01e-13      0.00 7.508e-01 2.440e-01 9.289e-04 2.539e-04 2.307e-03 -1.000 5.235e-03 3.413 4.289 3.989 3.595 3.354 3.163 2.774 2.725
0.0054091 -0.45000 9.95424 0.9585962892 2.4638161010    0.957  0.578  3.7207  3.675    2  0.000  0.537     0.00     0.00     0.00     0.00     0.00 -1 -7.01e-13      0.00 7.472e-01 2.475e-01 9.371e-04 2.562e-04 2.328e-03 -1.000 5.296e-03 3.324 4.250 3.938 3.531 3.280 3.084 2.682 2.631
0.0054091 -0.45000 9.95424 0.9594156146 2.4640049424    0.958  0.604  3.7174  3.637    2  0.000  0.537     0.00     0.00     0.00     0.00     0.00 -1  -7.8e-13      0.00 7.453e-01 2.494e-01 9.416e-04 2.572e-04 2.337e-03 -1.000 5.312e-03 3.260 4.207 3.891 3.477 3.222 3.024 2.617 2.564
0.0054091 -0.45000 9.95424 0.9597682953 2.4640861155    0.958  0.618  3.7164  3.619    2  0.000  0.537     0.00     0.00     0.00     0.00     0.00 -1 -8.22e-13      0.00 7.445e-01 2.502e-01 9.426e-04 2.576e-04 2.340e-03 -1.000 5.320e-03 3.224 4.180 3.861 3.446 3.190 2.990 2.582 2.529
0.0054091 -0.45000 9.95424 0.9609897733 2.4643667218    0.959  0.671  3.7131  3.553    3  0.000  0.537     0.00     0.00     0.00     0.00     0.00 -1 -9.96e-13      0.00 7.416e-01 2.530e-01 9.465e-04 2.588e-04 2.351e-03 -1.000 5.380e-03 3.093 4.071 3.747 3.326 3.066 2.864 2.450 2.396
0.0054091 -0.45000 9.95424 0.9619716406 2.4645916891    0.960  0.719  3.7109  3.497    3  0.000  0.536     0.00     0.00     0.00     0.00     0.00 -1 -1.19e-12      0.00 7.390e-01 2.557e-01 9.471e-04 2.601e-04 2.358e-03 -1.000 5.347e-03 2.972 3.964 3.638 3.213 2.950 2.747 2.329 2.274
0.0054091 -0.45000 9.95424 0.9627787471 2.4647762198    0.961  0.763  3.7093  3.447    3  0.000  0.532     0.00     0.00     0.00     0.00     0.00 -1 -1.39e-12      0.00 7.365e-01 2.582e-01 9.433e-04 2.630e-04 2.363e-03 -1.000 5.343e-03 2.862 3.867 3.537 3.109 2.845 2.640 2.220 2.164
0.0054091 -0.45000 9.95424 0.9636289477 2.4649702187    0.962  0.813  3.7077  3.391    3  0.000  0.524     0.00     0.00     0.00     0.00     0.00 -1 -1.66e-12      0.00 7.337e-01 2.609e-01 9.310e-04 2.737e-04 2.367e-03 -1.000 5.368e-03 2.737 3.754 3.421 2.990 2.724 2.518 2.094 2.038
0.0054091 -0.45000 9.95424 0.9642684460 2.4651158803    0.962  0.854  3.7065  3.345    3  0.000  0.515     0.00     0.00     0.00     0.00     0.00 -1 -1.93e-12      0.00 7.315e-01 2.631e-01 9.147e-04 2.913e-04 2.370e-03 -1.000 5.394e-03 2.634 3.661 3.326 2.893 2.625 2.418 1.992 1.936
0.0054091 -0.45000 9.95424 0.9648853540 2.4652561861    0.963  0.897  3.7052  3.297    3  0.000  0.504     0.00     0.00     0.00     0.00     0.00 -1 -2.25e-12      0.00 7.294e-01 2.652e-01 8.957e-04 3.134e-04 2.372e-03 -1.000 5.396e-03 2.528 3.564 3.227 2.791 2.522 2.314 1.886 1.829
0.0054091 -0.45000 9.95424 0.9655629396 2.4654100544    0.963  0.948  3.7037  3.241    3  0.000  0.492     0.00     0.00     0.00     0.00     0.00 -1 -2.69e-12      0.00 7.273e-01 2.673e-01 8.754e-04 3.388e-04 2.375e-03 -1.000 5.399e-03 2.401 3.449 3.109 2.670 2.399 2.190 1.759 1.702
0.0054091 -0.45000 9.95424 0.9662191272 2.4655588270    0.964  1.001  3.7020  3.180    3  0.000  0.481     0.00     0.00     0.00     0.00     0.00 -1 -3.26e-12      0.00 7.253e-01 2.692e-01 8.580e-04 3.610e-04 2.377e-03 -1.000 5.422e-03 2.267 3.327 2.984 2.543 2.269 2.060 1.626 1.568
0.0054091 -0.45000 9.95424 0.9668030739 2.4656910257    0.965  1.054  3.7002  3.121    3  0.000  0.474     0.00     0.00     0.00     0.00     0.00 -1 -3.94e-12      0.00 7.239e-01 2.707e-01 8.459e-04 3.765e-04 2.378e-03 -1.000 5.417e-03 2.135 3.209 2.863 2.418 2.143 1.932 1.495 1.437
0.0054091 -0.45000 9.95424 0.9673265815 2.4658093857    0.965  1.106  3.6984  3.062    3  0.000  0.470     0.00     0.00     0.00     0.00     0.00 -1 -4.76e-12      0.00 7.227e-01 2.718e-01 8.376e-04 3.872e-04 2.379e-03 -1.000 5.443e-03 2.005 3.094 2.745 2.296 2.019 1.806 1.366 1.307
0.0054091 -0.45000 9.95424 0.9677013159 2.4658940191    0.965  1.147  3.6969  3.016    3  0.000  0.467     0.00     0.00     0.00     0.00     0.00 -1 -5.51e-12      0.00 7.221e-01 2.725e-01 8.325e-04 3.937e-04 2.379e-03 -1.000 5.457e-03 1.904 3.006 2.654 2.202 1.922 1.708 1.265 1.205
0.0054091 -0.45000 9.95424 0.9681175351 2.4659879335    0.966  1.196  3.6949  2.959    3  0.000  0.464     0.00     0.00     0.00     0.00     0.00 -1 -6.58e-12      0.00 7.215e-01 2.731e-01 8.282e-04 3.993e-04 2.380e-03 -1.000 5.420e-03 1.781 2.902 2.544 2.088 1.805 1.590 1.143 1.082
0.0054091 -0.45000 9.95424 0.9685049653 2.4660752685    0.966  1.246  3.6929  2.900    3  0.000  0.463     0.00     0.00     0.00     0.00     0.00 -1 -7.91e-12      0.00 7.211e-01 2.735e-01 8.257e-04 4.026e-04 2.380e-03 -1.000 5.405e-03 1.655 2.795 2.433 1.971 1.685 1.468 1.017 0.956
0.0054091 -0.45000 9.95424 0.9688534737 2.4661537612    0.966  1.296  3.6907  2.842    3  0.000  0.462     0.00     0.00     0.00     0.00     0.00 -1 -9.48e-12      0.00 7.208e-01 2.737e-01 8.243e-04 4.045e-04 2.381e-03 -1.000 5.433e-03 1.530 2.690 2.323 1.857 1.568 1.349 0.893 0.831
0.0054091 -0.45000 9.95424 0.9691783190 2.4662268659    0.966  1.347  3.6885  2.782    3  0.000  0.461     0.00     0.00     0.00     0.00     0.00 -1 -1.14e-11      0.00 7.207e-01 2.738e-01 8.235e-04 4.054e-04 2.381e-03 -1.000 5.448e-03 1.403 2.583 2.212 1.741 1.448 1.227 0.768 0.704
0.0054091 -0.45000 9.95424 0.9694536924 2.4662887931    0.967  1.394  3.6863  2.726    3  0.000  0.461     0.00     0.00     0.00     0.00     0.00 -1 -1.36e-11      0.00 7.207e-01 2.738e-01 8.233e-04 4.057e-04 2.381e-03 -1.000 5.448e-03 1.285 2.485 2.110 1.634 1.338 1.115 0.651 0.587
0.0054091 -0.45000 9.95424 0.9697115421 2.4663467428    0.967  1.442  3.6840  2.669    3  0.000  0.461     0.00     0.00     0.00     0.00     0.00 -1 -1.62e-11      0.00 7.207e-01 2.738e-01 8.232e-04 4.059e-04 2.381e-03 -1.000 5.449e-03 1.165 2.386 2.006 1.525 1.226 1.001 0.533 0.468
0.0054091 -0.45000 9.95424 0.9699514508 2.4664006286    0.967  1.491  3.6816  2.611    3  0.000  0.461     0.00     0.00     0.00     0.00     0.00 -1 -1.94e-11      0.00 7.207e-01 2.739e-01 8.231e-04 4.061e-04 2.381e-03 -1.000 5.449e-03 1.043 2.287 1.902 1.416 1.113 0.886 0.413 0.347
0.0054091 -0.45000 9.95424 0.9701703191 2.4664497618    0.967  1.539  3.6791  2.553    3  0.000  0.461     0.00     0.00     0.00     0.00     0.00 -1 -2.31e-11      0.00 7.207e-01 2.739e-01 8.230e-04 4.062e-04 2.381e-03 -1.000 5.449e-03 0.923 2.190 1.800 1.309 1.002 0.773 0.295 0.228
0.0054091 -0.45000 9.95424 0.9703700542 2.4664945776    0.967  1.586  3.6767  2.496    3  0.000  0.461     0.00     0.00     0.00     0.00     0.00 -1 -2.75e-11      0.00 7.207e-01 2.739e-01 8.229e-04 4.063e-04 2.381e-03 -1.000 5.450e-03 0.806 2.097 1.702 1.205 0.895 0.664 0.180 0.112
0.0054091 -0.45000 9.95424 0.9705582261 2.4665367794    0.967  1.632  3.6742  2.440    3  0.000  0.461     0.00     0.00     0.00     0.00     0.00 -1 -3.27e-11      0.00 7.207e-01 2.739e-01 8.228e-04 4.065e-04 2.381e-03 -1.000 5.450e-03 0.690 2.008 1.608 1.103 0.788 0.554 0.066 -0.003
0.0054091 -0.45000 9.95424 0.9707436562 2.4665783480    0.967  1.675  3.6718  2.388    3  0.000  0.461     0.00     0.00     0.00     0.00     0.00 -1 -3.83e-11      0.00 7.207e-01 2.739e-01 8.227e-04 4.066e-04 2.381e-03 -1.000 5.450e-03 0.583 1.928 1.521 1.010 0.690 0.454 -0.039 -0.109
0.0054091 -0.45000 9.95424 0.9709557295 2.4666258668    0.967  1.710  3.6700  2.346    3  0.000  0.461     0.00     0.00     0.00     0.00     0.00 -1 -4.37e-11      0.00 7.207e-01 2.739e-01 8.226e-04 4.067e-04 2.381e-03 -1.000 5.451e-03 0.496 1.862 1.450 0.933 0.610 0.372 -0.125 -0.196
0.0054091 -0.45000 9.95424 0.9710613489 2.4666495239    0.967  1.694  3.6711  2.366    3  0.000  0.461     0.00     0.00     0.00     0.00     0.00 -1 -4.17e-11      0.00 7.206e-01 2.739e-01 8.225e-04 4.068e-04 2.381e-03 -1.000 5.451e-03 0.534 1.887 1.478 0.965 0.644 0.407 -0.088 -0.158
0.0054091 -0.45000 9.95424 0.9711663127 2.4666730282    0.967  1.660  3.6736  2.410    3  0.000  0.461     0.00     0.00     0.00     0.00     0.00 -1 -3.68e-11      0.00 7.206e-01 2.739e-01 8.225e-04 4.069e-04 2.381e-03 -1.000 5.451e-03 0.621 1.947 1.544 1.038 0.722 0.487 -0.003 -0.072
0.0054091 -0.45000 9.95424 0.9711940289 2.4666792337    0.967  1.651  3.6742  2.421    3  0.000  0.461     0.00     0.00     0.00     0.00     0.00 -1 -3.54e-11      0.00 7.206e-01 2.739e-01 8.225e-04 4.069e-04 2.381e-03 -1.000 5.451e-03 0.643 1.963 1.561 1.056 0.742 0.508 0.019 -0.050
0.0054091 -0.45000 9.95424 0.9712261558 2.4666864261    0.967  1.661  3.6736  2.408    3  0.000  0.461     0.00     0.00     0.00     0.00     0.00 -1 -3.66e-11      0.00 7.206e-01 2.739e-01 8.224e-04 4.069e-04 2.381e-03 -1.000 5.451e-03 0.617 1.943 1.540 1.034 0.717 0.483 -0.007 -0.076
0.0054091 -0.45000 9.95424 0.9713640213 2.4667172848    0.967  1.706  3.6710  2.354    3  0.000  0.461     0.00     0.00     0.00     0.00     0.00 -1 -4.28e-11      0.00 7.206e-01 2.739e-01 8.224e-04 4.070e-04 2.381e-03 -1.000 5.451e-03 0.506 1.861 1.451 0.937 0.616 0.379 -0.116 -0.187
0.0054091 -0.45000 9.95424 0.9715013504 2.4667480135    0.967  1.751  3.6684  2.297    3  0.000  0.461     0.00     0.00     0.00     0.00     0.00 -1 -5.07e-11      0.00 7.206e-01 2.739e-01 8.223e-04 4.071e-04 2.381e-03 -1.000 5.451e-03 0.391 1.777 1.360 0.838 0.512 0.272 -0.229 -0.300
0.0054091 -0.45000 9.95424 0.9716265202 2.4667760126    0.966  1.796  3.6657  2.242    3  0.000  0.460     0.00     0.00     0.00     0.00     0.00 -1 -5.98e-11      0.00 7.206e-01 2.739e-01 8.223e-04 4.072e-04 2.381e-03 -1.000 5.452e-03 0.281 1.698 1.274 0.744 0.413 0.170 -0.337 -0.409
0.0054091 -0.45000 9.95424 0.9717457294 2.4668026708    0.966  1.841  3.6629  2.186    3  0.000  0.460     0.00     0.00     0.00     0.00     0.00 -1 -7.09e-11      0.00 7.206e-01 2.739e-01 8.222e-04 4.072e-04 2.381e-03 -1.000 5.452e-03 0.167 1.617 1.186 0.648 0.311 0.065 -0.448 -0.521
0.0054091 -0.45000 9.95424 0.9718515277 2.4668263236    0.966  1.885  3.6602  2.131    3  0.000  0.460     0.00     0.00     0.00     0.00     0.00 -1 -8.34e-11      0.00 7.206e-01 2.739e-01 8.221e-04 4.073e-04 2.381e-03 -1.000 5.452e-03 0.058 1.541 1.102 0.556 0.214 -0.035 -0.554 -0.629
0.0054091 -0.45000 9.95424 0.9719516635 2.4668487050    0.966  1.929  3.6574  2.076    3  0.000  0.460     0.00     0.00     0.00     0.00     0.00 -1 -9.85e-11      0.00 7.206e-01 2.739e-01 8.221e-04 4.074e-04 2.381e-03 -1.000 5.452e-03 -0.052 1.465 1.020 0.465 0.117 -0.136 -0.661 -0.737
0.0054091 -0.45000 9.95424 0.9720407724 2.4668686174    0.966  1.971  3.6547  2.022    3  0.000  0.460     0.00     0.00     0.00     0.00     0.00 -1 -1.16e-10      0.00 7.206e-01 2.739e-01 8.221e-04 4.074e-04 2.381e-03 -1.000 5.452e-03 -0.158 1.394 0.941 0.378 0.024 -0.232 -0.763 -0.840
0.0054091 -0.45000 9.95424 0.9721244574 2.4668873138    0.965  2.014  3.6519  1.968    3  0.000  0.460     0.00     0.00     0.00     0.00     0.00 -1 -1.36e-10      0.00 7.206e-01 2.739e-01 8.220e-04 4.075e-04 2.381e-03 -1.000 5.452e-03 -0.265 1.327 0.864 0.290 -0.070 -0.329 -0.866 -0.944
0.0054091 -0.45000 9.95424 0.9722021818 2.4669046753    0.965  2.057  3.6491  1.914    3  0.000  0.460     0.00     0.00     0.00     0.00     0.00 -1  -1.6e-10      0.00 7.206e-01 2.739e-01 8.220e-04 4.075e-04 2.381e-03 -1.000 5.452e-03 -0.373 1.264 0.787 0.200 -0.165 -0.427 -0.969 -1.049
0.0054091 -0.45000 9.95424 0.9722719789 2.4669202633    0.965  2.099  3.6463  1.860    3  0.000  0.460     0.00     0.00     0.00     0.00     0.00 -1 -1.87e-10      0.00 7.206e-01 2.740e-01 8.219e-04 4.076e-04 2.381e-03 -1.000 5.452e-03 -0.478 1.205 0.714 0.115 -0.257 -0.522 -1.069 -1.149
0.0054091 -0.45000 9.95424 0.9723380208 2.4669350103    0.964  2.142  3.6434  1.806    3  0.000  0.460     0.00     0.00     0.00     0.00     0.00 -1  -2.2e-10      0.00 7.206e-01 2.740e-01 8.219e-04 4.076e-04 2.381e-03 -1.000 5.453e-03 -0.585 1.145 0.640 0.029 -0.349 -0.617 -1.170 -1.251
0.0054091 -0.45000 9.95424 0.9723967910 2.4669481316    0.964  2.183  3.6405  1.753    3  0.000  0.460     0.00     0.00     0.00     0.00     0.00 -1 -2.57e-10      0.00 7.206e-01 2.740e-01 8.219e-04 4.077e-04 2.381e-03 -1.000 5.453e-03 -0.688 1.089 0.569 -0.054 -0.438 -0.708 -1.266 -1.349
0.0054091 -0.45000 9.95424 0.9724522829 2.4669605193    0.964  2.225  3.6376  1.699    3  0.000  0.460     0.00     0.00     0.00     0.00     0.00 -1 -3.01e-10      0.00 7.206e-01 2.740e-01 8.219e-04 4.077e-04 2.381e-03 -1.000 5.453e-03 -0.793 1.033 0.498 -0.136 -0.526 -0.800 -1.363 -1.447
0.0054091 -0.45000 9.95424 0.9725024104 2.4669717081    0.963  2.266  3.6347  1.647    3  0.000  0.460     0.00     0.00     0.00     0.00     0.00 -1 -3.51e-10      0.00 7.206e-01 2.740e-01 8.218e-04 4.077e-04 2.381e-03 -1.000 5.453e-03 -0.894 0.980 0.430 -0.216 -0.611 -0.888 -1.457 -1.543
0.0054091 -0.45000 9.95424 0.9725493789 2.4669821906    0.963  2.307  3.6318  1.594    3  0.000  0.460     0.00     0.00     0.00     0.00     0.00 -1  -4.1e-10      0.00 7.206e-01 2.740e-01 8.218e-04 4.078e-04 2.381e-03 -1.000 5.453e-03 -0.997 0.927 0.362 -0.296 -0.697 -0.975 -1.551 -1.638
0.0054091 -0.45000 9.95424 0.9725921154 2.4669917276    0.962  2.347  3.6289  1.542    3  0.000  0.460     0.00     0.00     0.00     0.00     0.00 -1 -4.78e-10      0.00 7.206e-01 2.740e-01 8.218e-04 4.078e-04 2.381e-03 -1.000 5.453e-03 -1.097 0.877 0.296 -0.373 -0.779 -1.060 -1.642 -1.730
0.0054091 -0.45000 9.95424 0.9726318717 2.4670005986    0.961  2.387  3.6259  1.489    3  0.000  0.460     0.00     0.00     0.00     0.00     0.00 -1 -5.57e-10      0.00 7.206e-01 2.740e-01 8.218e-04 4.078e-04 2.381e-03 -1.000 5.453e-03 -1.198 0.828 0.232 -0.447 -0.860 -1.143 -1.733 -1.823
0.0054091 -0.45000 9.95424 0.9726695418 2.4670090034    0.961  2.428  3.6229  1.436    3  0.000  0.460     0.00     0.00     0.00     0.00     0.00 -1 -6.52e-10      0.00 7.206e-01 2.740e-01 8.218e-04 4.079e-04 2.381e-03 -1.000 5.453e-03 -1.300 0.777 0.170 -0.520 -0.940 -1.228 -1.827 -1.918
0.0054091 -0.45000 9.95424 0.9727028012 2.4670164234    0.960  2.467  3.6200  1.385    3  0.000  0.460     0.00     0.00     0.00     0.00     0.00 -1 -7.57e-10      0.00 7.206e-01 2.740e-01 8.217e-04 4.079e-04 2.381e-03 -1.000 5.453e-03 -1.398 0.730 0.112 -0.588 -1.017 -1.308 -1.916 -2.009
0.0054091 -0.45000 9.95424 0.9727341533 2.4670234174    0.959  2.507  3.6170  1.333    3  0.000  0.460    10.14     7.57     5.32     4.10     3.32  3  -8.8e-10      0.00 7.206e-01 2.740e-01 8.217e-04 4.079e-04 2.381e-03 -1.000 5.453e-03 -1.497 0.685 0.056 -0.655 -1.091 -1.386 -2.006 -2.100
0.0054091 -0.45000 9.95424 0.9727633595 2.4670299323    0.958  2.546  3.6140  1.281    3  0.000  0.460    11.29     8.30     5.81     4.49     3.64  3 -1.02e-09      0.00 7.206e-01 2.740e-01 8.217e-04 4.079e-04 2.381e-03 -1.000 5.453e-03 -1.596 0.640 0.000 -0.721 -1.166 -1.464 -2.094 -2.191
0.0054091 -0.45000 9.95424 0.9727898836 2.4670358484    0.957  2.584  3.6111  1.231    3  0.000  0.460    12.54     9.09     6.34     4.90     3.98  3 -1.18e-09      0.00 7.206e-01 2.740e-01 8.217e-04 4.079e-04 2.381e-03 -1.000 5.453e-03 -1.691 0.599 -0.052 -0.784 -1.237 -1.539 -2.180 -2.279
0.0054091 -0.45000 9.95424 0.9728152156 2.4670414983    0.956  2.623  3.6081  1.179    3  0.000  0.460    13.97     9.98     6.93     5.37     4.35  3 -1.38e-09      0.00 7.206e-01 2.740e-01 8.217e-04 4.079e-04 2.381e-03 -1.000 5.453e-03 -1.789 0.558 -0.104 -0.847 -1.309 -1.614 -2.267 -2.368
0.0054091 -0.45000 9.95424 0.9728381038 2.4670466029    0.955  2.661  3.6051  1.129    3  0.000  0.460    15.50    10.92     7.55     5.86     4.75  3 -1.59e-09      0.00 7.206e-01 2.740e-01 8.217e-04 4.080e-04 2.381e-03 -1.000 5.453e-03 -1.883 0.521 -0.152 -0.906 -1.376 -1.685 -2.351 -2.453
0.0054091 -0.45000 9.95424 0.9728596210 2.4670514015    0.954  2.699  3.6021  1.079    3  0.000  0.460    17.22    11.96     8.23     6.39     5.19  3 -1.84e-09      0.00 7.206e-01 2.740e-01 8.217e-04 4.080e-04 2.381e-03 -1.000 5.453e-03 -1.977 0.485 -0.200 -0.964 -1.443 -1.756 -2.434 -2.539
0.0054091 -0.45000 9.95424 0.9728802443 2.4670560005    0.953  2.737  3.5991  1.028    3  0.000  0.460    19.15    13.11     8.99     6.99     5.67  3 -2.13e-09      0.00 7.206e-01 2.740e-01 8.217e-04 4.080e-04 2.381e-03 -1.000 5.453e-03 -2.073 0.449 -0.247 -1.022 -1.510 -1.826 -2.518 -2.625
0.0054091 -0.45000 9.95424 0.9729030132 2.4670610777    0.951  2.783  3.5953  0.967    3  0.000  0.460    21.75    14.63     9.98     7.78     6.31  3 -2.54e-09      0.00 7.206e-01 2.740e-01 8.216e-04 4.080e-04 2.381e-03 -1.000 5.453e-03 -2.186 0.414 -0.296 -1.085 -1.584 -1.905 -2.616 -2.726
0.0054091 -0.45000 9.95424 0.9729239941 2.4670657559    0.949  2.828  3.5916  0.906    3  0.000  0.460    24.69    16.33    11.08     8.65     7.02  2 -3.02e-09      0.00 7.206e-01 2.740e-01 8.216e-04 4.080e-04 2.381e-03 -1.000 5.453e-03 -2.299 0.383 -0.342 -1.145 -1.657 -1.982 -2.713 -2.826
0.0054091 -0.45000 9.95424 0.9729400873 2.4670693441    0.947  2.864  3.5886  0.856    3  0.000  0.460    27.38    17.85    12.07     9.43     7.66  2 -3.49e-09      0.00 7.206e-01 2.740e-01 8.216e-04 4.080e-04 2.381e-03 -1.000 5.453e-03 -2.391 0.359 -0.379 -1.192 -1.714 -2.042 -2.791 -2.907
0.0054091 -0.45000 9.95424 0.9729582071 2.4670733841    0.945  2.908  3.5847  0.796    3  0.000  0.460    31.05    19.90    13.39    10.48     8.51  2 -4.14e-09      0.00 7.206e-01 2.740e-01 8.216e-04 4.080e-04 2.381e-03 -1.000 5.454e-03 -2.501 0.335 -0.417 -1.242 -1.776 -2.109 -2.884 -3.003
0.0054091 -0.45000 9.95424 0.9729747772 2.4670770784    0.942  2.952  3.5810  0.737    3  0.000  0.460    35.14    22.14    14.82    11.62     9.44  2  -4.9e-09      0.00 7.206e-01 2.740e-01 8.216e-04 4.081e-04 2.381e-03 -1.000 5.454e-03 -2.609 0.313 -0.454 -1.292 -1.838 -2.174 -2.975 -3.098
0.0054091 -0.45000 9.95424 0.9729900956 2.4670804935    0.940  2.994  3.5772  0.678    3  0.000  0.460    39.72    24.60    16.39    12.87    10.47  2  -5.8e-09      0.00 7.206e-01 2.740e-01 8.216e-04 4.081e-04 2.381e-03 -1.000 5.454e-03 -2.715 0.297 -0.482 -1.331 -1.889 -2.228 -3.061 -3.189
0.0054091 -0.45000 9.95424 0.9730042219 2.4670836427    0.937  3.036  3.5734  0.619    3  0.000  0.460    44.86    27.32    18.12    14.25    11.59  2 -6.83e-09      0.00 7.206e-01 2.740e-01 8.216e-04 4.081e-04 2.381e-03 -1.000 5.454e-03 -2.820 0.286 -0.507 -1.364 -1.934 -2.277 -3.145 -3.277
0.0054091 -0.45000 9.95424 0.9730173945 2.4670865792    0.934  3.077  3.5696  0.561    3  0.000  0.460    50.65    30.33    20.02    15.77    12.83  2 -8.05e-09      0.00 7.206e-01 2.740e-01 8.216e-04 4.081e-04 2.381e-03 -1.000 5.454e-03 -2.923 0.277 -0.528 -1.394 -1.977 -2.322 -3.228 -3.365
0.0054091 -0.45000 9.95424 0.9730294347 2.4670892632    0.930  3.117  3.5657  0.504    3  0.000  0.460    57.04    33.60    22.07    17.42    14.17  1 -9.46e-09      0.00 7.206e-01 2.740e-01 8.216e-04 4.081e-04 2.381e-03 -1.000 5.454e-03 -3.024 0.279 -0.538 -1.408 -2.001 -2.348 -3.303 -3.447
0.0054091 -0.45000 9.95424 0.9730407000 2.4670917743    0.926  3.157  3.5619  0.447    3  0.000  0.460    64.22    37.21    24.33    19.23    15.65  1 -1.11e-08      0.00 7.206e-01 2.740e-01 8.216e-04 4.081e-04 2.381e-03 -1.000 5.454e-03 -3.123 0.289 -0.541 -1.416 -2.022 -2.371 -3.378 -3.528
0.0054091 -0.45000 9.95424 0.9730509520 2.4670940596    0.922  3.195  3.5580  0.391    3  0.000  0.460    72.09    41.09    26.74    21.18    17.23  1 -1.29e-08      0.00 7.206e-01 2.740e-01 8.216e-04 4.081e-04 2.381e-03 -1.000 5.454e-03 -3.219 0.309 -0.532 -1.410 -2.029 -2.379 -3.446 -3.603
0.0054091 -0.45000 9.95424 0.9730604887 2.4670961853    0.918  3.233  3.5541  0.336    3  0.000  0.460    80.87    45.35    29.38    23.30    18.97  1 -1.51e-08      0.00 7.206e-01 2.740e-01 8.216e-04 4.081e-04 2.381e-03 -1.000 5.454e-03 -3.312 0.336 -0.514 -1.391 -2.022 -2.373 -3.510 -3.674
0.0054091 -0.45000 9.95424 0.9730693698 2.4670981649    0.913  3.269  3.5502  0.282    3  0.000  0.460    90.55    49.97    32.23    25.60    20.84  1 -1.75e-08      0.00 7.206e-01 2.740e-01 8.216e-04 4.081e-04 2.381e-03 -1.000 5.454e-03 -3.403 0.367 -0.493 -1.369 -2.013 -2.364 -3.571 -3.743
0.0054091 -0.45000 9.95424 0.9730780125 2.4671000913    0.908  3.306  3.5462  0.226    3  0.000  0.460   101.62    55.16    35.41    28.18    22.95  0 -2.04e-08      0.00 7.206e-01 2.740e-01 8.216e-04 4.081e-04 2.381e-03 -1.000 5.454e-03 -3.496 0.414 -0.453 -1.321 -1.978 -2.327 -3.624 -3.806
0.0054091 -0.45000 9.95424 0.9730858803 2.4671018449    0.902  3.341  3.5424  0.173    3  0.000  0.460   113.45    60.60    38.73    30.87    25.14  0 -2.35e-08      0.00 7.206e-01 2.740e-01 8.216e-04 4.081e-04 2.381e-03 -1.000 5.454e-03 -3.584 0.461 -0.412 -1.272 -1.941 -2.289 -3.674 -3.865
0.0054091 -0.45000 9.95424 0.9730946422 2.4671037978    0.895  3.378  3.5383  0.117    3  0.000  0.460   127.62    66.99    42.62    34.03    27.72  0 -2.76e-08      0.00 7.206e-01 2.740e-01 8.216e-04 4.081e-04 2.381e-03 -1.000 5.454e-03 -3.676 0.520 -0.359 -1.208 -1.891 -2.237 -3.721 -3.924
0.0054091 -0.45000 9.95424 0.9730946422 2.4671037978    0.895  1.728  3.6951  2.394    4  0.000  0.486     0.00     0.00     0.00     0.00     0.00 -1    -1e-30      0.00 7.242e-01 2.704e-01 8.654e-04 3.505e-04 2.371e-03 -1.000 5.414e-03 0.450 1.580 1.213 0.753 0.473 0.259 -0.189 -0.249
0.0054091 -0.45000 9.95424 0.9731820226 2.4671232712    0.895  1.738  3.6943  2.380    4  0.000  0.486     0.00     0.00     0.00     0.00     0.00 -1    -1e-30      0.00 7.242e-01 2.704e-01 8.654e-04 3.505e-04 2.371e-03 -1.000 5.414e-03 0.424 1.561 1.193 0.730 0.449 0.234 -0.215 -0.276
0.0054091 -0.45000 9.95424 0.9732758999 2.4671441880    0.895  1.742  3.6941  2.376    4  0.000  0.486     0.00     0.00     0.00     0.00     0.00 -1    -1e-30      0.00 7.242e-01 2.704e-01 8.654e-04 3.505e-04 2.371e-03 -1.000 5.414e-03 0.414 1.553 1.184 0.721 0.439 0.225 -0.225 -0.286
0.0054091 -0.45000 9.95424 0.9733624458 2.4671634672    0.895  1.743  3.6942  2.375    4  0.000  0.486     0.00     0.00     0.00     0.00     0.00 -1    -1e-30      0.00 7.242e-01 2.704e-01 8.653e-04 3.506e-04 2.371e-03 -1.000 5.414e-03 0.411 1.549 1.181 0.718 0.436 0.222 -0.227 -0.289
0.0054091 -0.45000 9.95424 0.9734498262 2.4671829283    0.895  1.743  3.6946  2.377    4  0.000  0.486     0.00     0.00     0.00     0.00     0.00 -1    -1e-30      0.00 7.242e-01 2.704e-01 8.653e-04 3.506e-04 2.371e-03 -1.000 5.414e-03 0.413 1.547 1.179 0.718 0.437 0.223 -0.226 -0.287
0.0054091 -0.45000 9.95424 0.9735363126 2.4672021864    0.895  1.741  3.6951  2.381    4  0.000  0.486     0.00     0.00     0.00     0.00     0.00 -1    -1e-30      0.00 7.242e-01 2.704e-01 8.653e-04 3.506e-04 2.371e-03 -1.000 5.414e-03 0.416 1.547 1.180 0.719 0.439 0.225 -0.223 -0.284
0.0054091 -0.45000 9.95424 0.9736228585 2.4672214537    0.895  1.740  3.6956  2.385    4  0.000  0.486     0.00     0.00     0.00     0.00     0.00 -1    -1e-30      0.00 7.242e-01 2.704e-01 8.653e-04 3.507e-04 2.371e-03 -1.000 5.414e-03 0.421 1.546 1.180 0.721 0.441 0.228 -0.218 -0.279
0.0054091 -0.45000 9.95424 0.9737106562 2.4672409957    0.895  1.738  3.6962  2.389    4  0.000  0.486     0.00     0.00     0.00     0.00     0.00 -1    -1e-30      0.00 7.242e-01 2.704e-01 8.653e-04 3.507e-04 2.371e-03 -1.000 5.414e-03 0.426 1.546 1.181 0.723 0.445 0.232 -0.214 -0.274
0.0054091 -0.45000 9.95424 0.9737989306 2.4672606397    0.895  1.736  3.6967  2.393    4  0.000  0.486     0.00     0.00     0.00     0.00     0.00 -1    -1e-30      0.00 7.242e-01 2.704e-01 8.652e-04 3.507e-04 2.371e-03 -1.000 5.414e-03 0.430 1.546 1.183 0.726 0.448 0.236 -0.209 -0.269
0.0054091 -0.45000 9.95424 0.9738861918 2.4672800543    0.896  1.734  3.6972  2.396    4  0.000  0.486     0.00     0.00     0.00     0.00     0.00 -1    -1e-30      0.00 7.242e-01 2.704e-01 8.652e-04 3.508e-04 2.371e-03 -1.000 5.414e-03 0.434 1.546 1.183 0.727 0.450 0.239 -0.205 -0.265
0.0054091 -0.45000 9.95424 0.9739758372 2.4672999951    0.896  1.733  3.6976  2.400    4  0.000  0.486     0.00     0.00     0.00     0.00     0.00 -1    -1e-30      0.00 7.242e-01 2.704e-01 8.652e-04 3.508e-04 2.371e-03 -1.000 5.414e-03 0.438 1.545 1.183 0.729 0.452 0.241 -0.202 -0.262
0.0054091 -0.45000 9.95424 0.9740686417 2.4673206342    0.896  1.732  3.6980  2.403    4  0.000  0.486     0.00     0.00     0.00     0.00     0.00 -1    -1e-30      0.00 7.242e-01 2.704e-01 8.652e-04 3.508e-04 2.371e-03 -1.000 5.414e-03 0.441 1.544 1.183 0.730 0.454 0.243 -0.199 -0.259
0.0054091 -0.45000 9.95424 0.9741608500 2.4673411362    0.896  1.731  3.6984  2.405    4  0.000  0.486     0.00     0.00     0.00     0.00     0.00 -1    -1e-30      0.00 7.242e-01 2.704e-01 8.652e-04 3.509e-04 2.371e-03 -1.000 5.414e-03 0.443 1.543 1.183 0.730 0.455 0.245 -0.197 -0.256
0.0054091 -0.45000 9.95424 0.9742499590 2.4673609448    0.896  1.730  3.6988  2.407    4  0.000  0.486     0.00     0.00     0.00     0.00     0.00 -1    -1e-30      0.00 7.242e-01 2.704e-01 8.651e-04 3.509e-04 2.371e-03 -1.000 5.414e-03 0.445 1.542 1.183 0.730 0.456 0.246 -0.195 -0.255
0.0054091 -0.45000 9.95424 0.9743201733 2.4673765503    0.896  1.730  3.6990  2.409    4  0.000  0.486     0.00     0.00     0.00     0.00     0.00 -1    -1e-30      0.00 7.242e-01 2.704e-01 8.651e-04 3.509e-04 2.371e-03 -1.000 5.414e-03 0.446 1.540 1.182 0.730 0.456 0.246 -0.194 -0.253
0.0054091 -0.45000 9.95424 0.9743382931 2.4673805771    0.896  1.730  3.6991  2.409    4  0.000  0.486     0.00     0.00     0.00     0.00     0.00 -1    -1e-30      0.00 7.242e-01 2.704e-01 8.651e-04 3.509e-04 2.371e-03 -1.000 5.414e-03 0.446 1.540 1.182 0.730 0.456 0.246 -0.194 -0.253
0.0054091 -0.45000 9.95424 0.9744235873 2.4673995299    0.896  1.729  3.6994  2.411    4  0.000  0.486     0.00     0.00     0.00     0.00     0.00 -1    -1e-30      0.00 7.242e-01 2.704e-01 8.651e-04 3.510e-04 2.371e-03 -1.000 5.414e-03 0.447 1.539 1.181 0.730 0.456 0.247 -0.193 -0.252
0.0054091 -0.45000 9.95424 0.9745159149 2.4674200412    0.896  1.729  3.6996  2.412    4  0.000  0.486     0.00     0.00     0.00     0.00     0.00 -1    -1e-30      0.00 7.242e-01 2.704e-01 8.651e-04 3.510e-04 2.371e-03 -1.000 5.414e-03 0.447 1.537 1.179 0.729 0.456 0.246 -0.193 -0.252
0.0054091 -0.45000 9.95424 0.9746028185 2.4674393435    0.896  1.729  3.6998  2.412    4  0.000  0.486     0.00     0.00     0.00     0.00     0.00 -1    -1e-30      0.00 7.241e-01 2.704e-01 8.651e-04 3.510e-04 2.371e-03 -1.000 5.414e-03 0.447 1.535 1.178 0.728 0.455 0.246 -0.193 -0.252
0.0054091 -0.45000 9.95424 0.9746928811 2.4674593433    0.896  1.730  3.6999  2.412    4  0.000  0.486     0.00     0.00     0.00     0.00     0.00 -1    -1e-30      0.00 7.241e-01 2.704e-01 8.650e-04 3.511e-04 2.371e-03 -1.000 5.414e-03 0.446 1.533 1.176 0.726 0.453 0.244 -0.194 -0.254
0.0054091 -0.45000 9.95424 0.9747841358 2.4674796034    0.897  1.731  3.6999  2.412    4  0.000  0.486     0.00     0.00     0.00     0.00     0.00 -1    -1e-30      0.00 7.241e-01 2.704e-01 8.650e-04 3.511e-04 2.371e-03 -1.000 5.414e-03 0.444 1.530 1.174 0.724 0.451 0.242 -0.197 -0.256
0.0054091 -0.45000 9.95424 0.9748765826 2.4675001237    0.897  1.732  3.6999  2.411    4  0.000  0.486     0.00     0.00     0.00     0.00     0.00 -1    -1e-30      0.00 7.241e-01 2.704e-01 8.650e-04 3.511e-04 2.371e-03 -1.000 5.414e-03 0.441 1.528 1.171 0.721 0.448 0.239 -0.199 -0.258
0.0054091 -0.45000 9.95424 0.9749578834 2.4675181663    0.897  1.733  3.6999  2.409    4  0.000  0.486     0.00     0.00     0.00     0.00     0.00 -1    -1e-30      0.00 7.241e-01 2.705e-01 8.650e-04 3.512e-04 2.371e-03 -1.000 5.414e-03 0.437 1.525 1.168 0.718 0.445 0.236 -0.203 -0.262
0.0054091 -0.45000 9.95424 0.9749655724 2.4675198725    0.897  1.733  3.6998  2.409    4  0.000  0.486     0.00     0.00     0.00     0.00     0.00 -1    -1e-30      0.00 7.241e-01 2.705e-01 8.650e-04 3.512e-04 2.371e-03 -1.000 5.414e-03 0.437 1.525 1.168 0.718 0.445 0.236 -0.203 -0.262
0.0054091 -0.45000 9.95424 0.9750552773 2.4675397758    0.897  1.735  3.6997  2.406    4  0.000  0.486     0.00     0.00     0.00     0.00     0.00 -1    -1e-30      0.00 7.241e-01 2.705e-01 8.650e-04 3.512e-04 2.371e-03 -1.000 5.414e-03 0.432 1.521 1.164 0.713 0.440 0.231 -0.208 -0.267
0.0054091 -0.45000 9.95424 0.9751420617 2.4675590271    0.897  1.738  3.6994  2.403    4  0.000  0.486     0.00     0.00     0.00     0.00     0.00 -1    -1e-30      0.00 7.241e-01 2.705e-01 8.649e-04 3.512e-04 2.371e-03 -1.000 5.414e-03 0.425 1.517 1.159 0.708 0.434 0.225 -0.215 -0.274
0.0054091 -0.45000 9.95424 0.9752299190 2.4675785123    0.897  1.741  3.6991  2.398    4  0.000  0.486     0.00     0.00     0.00     0.00     0.00 -1    -1e-30      0.00 7.241e-01 2.705e-01 8.649e-04 3.513e-04 2.371e-03 -1.000 5.414e-03 0.417 1.512 1.154 0.702 0.428 0.218 -0.223 -0.282
0.0054091 -0.45000 9.95424 0.9753156900 2.4675975310    0.897  1.745  3.6986  2.393    4  0.000  0.486     0.00     0.00     0.00     0.00     0.00 -1    -1e-30      0.00 7.241e-01 2.705e-01 8.649e-04 3.513e-04 2.371e-03 -1.000 5.414e-03 0.408 1.507 1.147 0.694 0.420 0.209 -0.232 -0.291
0.0054091 -0.45000 9.95424 0.9754042625 2.4676171669    0.897  1.749  3.6981  2.386    4  0.000  0.486     0.00     0.00     0.00     0.00     0.00 -1    -1e-30      0.00 7.241e-01 2.705e-01 8.649e-04 3.513e-04 2.371e-03 -1.000 5.414e-03 0.397 1.501 1.140 0.686 0.410 0.199 -0.243 -0.302
0.0054091 -0.45000 9.95424 0.9754927754 2.4676367854    0.897  1.754  3.6977  2.380    4  0.000  0.486     0.00     0.00     0.00     0.00     0.00 -1    -1e-30      0.00 7.241e-01 2.705e-01 8.649e-04 3.513e-04 2.371e-03 -1.000 5.414e-03 0.386 1.494 1.132 0.676 0.400 0.189 -0.254 -0.314
0.0054091 -0.45000 9.95424 0.9755792022 2.4676559376    0.897  1.759  3.6971  2.372    4  0.000  0.486     0.00     0.00     0.00     0.00     0.00 -1    -1e-30      0.00 7.241e-01 2.705e-01 8.648e-04 3.514e-04 2.371e-03 -1.000 5.414e-03 0.372 1.486 1.123 0.666 0.388 0.177 -0.267 -0.328
0.0054091 -0.45000 9.95424 0.9756654501 2.4676750462    0.898  1.765  3.6964  2.363    4  0.000  0.486     0.00     0.00     0.00     0.00     0.00 -1    -1e-30      0.00 7.241e-01 2.705e-01 8.648e-04 3.514e-04 2.371e-03 -1.000 5.414e-03 0.357 1.477 1.112 0.653 0.375 0.162 -0.283 -0.343
0.0054091 -0.45000 9.95424 0.9757530093 2.4676944414    0.898  1.774  3.6954  2.351    4  0.000  0.486     0.00     0.00     0.00     0.00     0.00 -1    -1e-30      0.00 7.241e-01 2.705e-01 8.648e-04 3.514e-04 2.371e-03 -1.000 5.414e-03 0.336 1.464 1.097 0.637 0.357 0.143 -0.304 -0.364
0.0054091 -0.45000 9.95424 0.9758406281 2.4677138459    0.898  1.769  3.6961  2.359    4  0.000  0.486     0.00     0.00     0.00     0.00     0.00 -1    -1e-30      0.00 7.241e-01 2.705e-01 8.648e-04 3.515e-04 2.371e-03 -1.000 5.414e-03 0.348 1.470 1.105 0.645 0.367 0.154 -0.292 -0.352
0.0054091 -0.45000 9.95424 0.9759266973 2.4677329032    0.898  1.787  3.6940  2.333    4  0.000  0.486     0.00     0.00     0.00     0.00     0.00 -1    -1e-30      0.00 7.241e-01 2.705e-01 8.648e-04 3.515e-04 2.371e-03 -1.000 5.414e-03 0.304 1.446 1.075 0.611 0.329 0.114 -0.336 -0.397
0.0054091 -0.45000 9.95424 0.9760151505 2.4677524844    0.898  1.815  3.6908  2.291    4  0.000  0.486     0.00     0.00     0.00     0.00     0.00 -1    -1e-30      0.00 7.241e-01 2.705e-01 8.647e-04 3.515e-04 2.371e-03 -1.000 5.414e-03 0.231 1.403 1.025 0.553 0.266 0.048 -0.408 -0.470
0.0054091 -0.45000 9.95424 0.9760719538 2.4677650569    0.898  1.852  3.6869  2.239    4  0.000  0.486     0.00     0.00     0.00     0.00     0.00 -1    -1e-30      0.00 7.241e-01 2.705e-01 8.647e-04 3.516e-04 2.371e-03 -1.000 5.414e-03 0.140 1.350 0.963 0.481 0.187 -0.034 -0.498 -0.562
0.0054091 -0.45000 9.95424 0.9761020541 2.4677717185    0.898  1.893  3.6826  2.181    4  0.000  0.486     0.00     0.00     0.00     0.00     0.00 -1    -1e-30      0.00 7.241e-01 2.705e-01 8.647e-04 3.516e-04 2.371e-03 -1.000 5.414e-03 0.037 1.291 0.893 0.400 0.100 -0.126 -0.598 -0.663
0.0054091 -0.45000 9.95424 0.9761157036 2.4677747391    0.898  1.933  3.6785  2.124    4  0.000  0.486     0.00     0.00     0.00     0.00     0.00 -1    -1e-30      0.00 7.241e-01 2.705e-01 8.647e-04 3.516e-04 2.371e-03 -1.000 5.414e-03 -0.063 1.232 0.825 0.321 0.014 -0.216 -0.696 -0.763
0.0054091 -0.45000 9.95424 0.9761220813 2.4677761505    0.898  1.972  3.6747  2.070    4  0.000  0.486     0.00     0.00     0.00     0.00     0.00 -1    -1e-30      0.00 7.241e-01 2.705e-01 8.647e-04 3.516e-04 2.371e-03 -1.000 5.414e-03 -0.160 1.178 0.761 0.247 -0.068 -0.301 -0.789 -0.858
0.0054091 -0.45000 9.95424 0.9761254191 2.4677768891    0.898  2.010  3.6710  2.017    4  0.000  0.486     0.00     0.00     0.00     0.00     0.00 -1    -1e-30      0.00 7.241e-01 2.705e-01 8.647e-04 3.516e-04 2.371e-03 -1.000 5.414e-03 -0.255 1.122 0.697 0.172 -0.149 -0.386 -0.882 -0.952
0.0054091 -0.45000 9.95424 0.9761275053 2.4677773508    0.898  2.048  3.6673  1.964    4  0.000  0.486     0.00     0.00     0.00     0.00     0.00 -1    -1e-30      0.00 7.241e-01 2.705e-01 8.647e-04 3.516e-04 2.371e-03 -1.000 5.414e-03 -0.351 1.073 0.635 0.098 -0.231 -0.472 -0.974 -1.046
0.0054091 -0.45000 9.95424 0.9761282802 2.4677775223    0.898  2.067  3.6655  1.938    4  0.000  0.486     0.00     0.00     0.00     0.00     0.00 -1    -1e-30      0.00 7.241e-01 2.705e-01 8.647e-04 3.516e-04 2.371e-03 -1.000 5.414e-03 -0.398 1.051 0.605 0.061 -0.271 -0.515 -1.020 -1.092
0.0054091 -0.45000 9.95424 0.9761283398 2.4677775355    0.898  2.068  3.6654  1.937    7  0.000  0.486     0.00     0.00     0.00     0.00     0.00 -1 -6.94e-10      0.00 7.241e-01 2.690e-01 8.647e-04 3.516e-04 2.371e-03 -1.000 6.891e-03 -0.399 1.050 0.605 0.060 -0.272 -0.516 -1.021 -1.094
0.0054091 -0.45000 9.95424 0.9761295319 2.4677777993    0.898  2.102  3.6623  1.891    7  0.000  0.486     0.00     0.00     0.00     0.00     0.00 -1 -8.36e-10      0.00 7.241e-01 2.690e-01 8.647e-04 3.516e-04 2.371e-03 -1.000 6.891e-03 -0.484 1.007 0.549 -0.007 -0.346 -0.593 -1.104 -1.177
0.0054091 -0.45000 9.95424 0.9761310220 2.4677781290    0.898  2.143  3.6586  1.835    7  0.000  0.486     0.00     0.00     0.00     0.00     0.00 -1 -1.04e-09      0.00 7.241e-01 2.690e-01 8.647e-04 3.516e-04 2.371e-03 -1.000 6.891e-03 -0.587 0.957 0.484 -0.087 -0.433 -0.685 -1.202 -1.276
0.0054091 -0.45000 9.95424 0.9761332273 2.4677786170    0.898  2.175  3.6557  1.791    7  0.000  0.486     0.00     0.00     0.00     0.00     0.00 -1 -1.24e-09      0.00 7.241e-01 2.690e-01 8.647e-04 3.516e-04 2.371e-03 -1.000 6.891e-03 -0.667 0.920 0.434 -0.148 -0.500 -0.755 -1.277 -1.353
0.0054091 -0.45000 9.95424 0.9761371613 2.4677794875    0.898  2.159  3.6572  1.813    7  0.000  0.486     0.00     0.00     0.00     0.00     0.00 -1 -1.14e-09      0.00 7.241e-01 2.690e-01 8.647e-04 3.516e-04 2.371e-03 -1.000 6.891e-03 -0.627 0.938 0.459 -0.118 -0.467 -0.720 -1.239 -1.314
0.0054091 -0.45000 9.95424 0.9761490226 2.4677821123    0.897  2.131  3.6597  1.850    7  0.000  0.486     0.00     0.00     0.00     0.00     0.00 -1 -9.85e-10      0.00 7.241e-01 2.690e-01 8.647e-04 3.516e-04 2.371e-03 -1.000 6.891e-03 -0.558 0.971 0.501 -0.066 -0.409 -0.660 -1.175 -1.249
0.0054091 -0.45000 9.95424 0.9762102962 2.4677956699    0.895  2.162  3.6569  1.808    7  0.000  0.486     0.00     0.00     0.00     0.00     0.00 -1 -1.17e-09      0.00 7.241e-01 2.690e-01 8.647e-04 3.516e-04 2.371e-03 -1.000 6.891e-03 -0.635 0.935 0.454 -0.124 -0.473 -0.727 -1.247 -1.322
0.0054091 -0.45000 9.95424 0.9762414694 2.4678025667    0.894  2.206  3.6527  1.746    7  0.000  0.486     0.00     0.00     0.00     0.00     0.00 -1 -1.48e-09      0.00 7.241e-01 2.690e-01 8.647e-04 3.516e-04 2.371e-03 -1.000 6.891e-03 -0.746 0.884 0.385 -0.208 -0.566 -0.824 -1.351 -1.428
0.0054091 -0.45000 9.95424 0.9762620926 2.4678071291    0.893  2.240  3.6496  1.699    7  0.000  0.486     0.00     0.00     0.00     0.00     0.00 -1 -1.78e-09      0.00 7.241e-01 2.690e-01 8.647e-04 3.516e-04 2.371e-03 -1.000 6.891e-03 -0.830 0.845 0.333 -0.272 -0.636 -0.897 -1.430 -1.508
0.0054091 -0.45000 9.95424 0.9762858152 2.4678123769    0.892  2.280  3.6460  1.644    7  0.000  0.486     0.00     0.00     0.00     0.00     0.00 -1 -2.21e-09      0.00 7.241e-01 2.690e-01 8.647e-04 3.516e-04 2.371e-03 -1.000 6.891e-03 -0.930 0.801 0.273 -0.346 -0.717 -0.982 -1.522 -1.601
0.0054091 -0.45000 9.95424 0.9763085842 2.4678174135    0.890  2.320  3.6424  1.589    7  0.000  0.486     0.00     0.00     0.00     0.00     0.00 -1 -2.74e-09      0.00 7.241e-01 2.690e-01 8.647e-04 3.516e-04 2.371e-03 -1.000 6.891e-03 -1.031 0.757 0.211 -0.421 -0.799 -1.067 -1.614 -1.695
0.0054091 -0.45000 9.95424 0.9763292670 2.4678219883    0.888  2.361  3.6388  1.533    7  0.000  0.486     0.00     0.00     0.00     0.00     0.00 -1  -3.4e-09      0.00 7.241e-01 2.690e-01 8.647e-04 3.517e-04 2.371e-03 -1.000 6.891e-03 -1.132 0.713 0.150 -0.495 -0.880 -1.151 -1.705 -1.788
0.0054091 -0.45000 9.95424 0.9763478041 2.4678260884    0.886  2.401  3.6352  1.477    7  0.000  0.486     0.00     0.00     0.00     0.00     0.00 -1 -4.22e-09      0.00 7.241e-01 2.690e-01 8.647e-04 3.517e-04 2.371e-03 -1.000 6.891e-03 -1.233 0.671 0.092 -0.566 -0.959 -1.233 -1.796 -1.881
0.0054091 -0.45000 9.95424 0.9763644934 2.4678297796    0.883  2.442  3.6316  1.421    7  0.000  0.486     0.00     0.00     0.00     0.00     0.00 -1 -5.24e-09      0.00 7.241e-01 2.690e-01 8.646e-04 3.517e-04 2.371e-03 -1.000 6.889e-03 -1.334 0.627 0.035 -0.635 -1.036 -1.315 -1.888 -1.975
0.0054091 -0.45000 9.95424 0.9763796926 2.4678331411    0.881  2.483  3.6279  1.364    7  0.000  0.486     0.00     0.00     0.00     0.00     0.00 -1 -6.53e-09      0.00 7.241e-01 2.690e-01 8.645e-04 3.517e-04 2.371e-03 -1.000 6.889e-03 -1.437 0.584 -0.020 -0.703 -1.114 -1.397 -1.981 -2.070
0.0054091 -0.45000 9.95424 0.9763931632 2.4678361202    0.878  2.524  3.6243  1.307    7  0.000  0.486    10.39     7.75     5.43     4.20     3.41  3 -8.14e-09      0.00 7.241e-01 2.690e-01 8.641e-04 3.518e-04 2.372e-03 -1.000 6.889e-03 -1.539 0.544 -0.073 -0.769 -1.189 -1.476 -2.072 -2.163
0.0054091 -0.45000 9.95424 0.9764055014 2.4678388488    0.874  2.564  3.6200  1.248    7  0.000  0.485    11.75     8.61     6.01     4.66     3.77  3 -1.01e-08      0.00 7.241e-01 2.690e-01 8.632e-04 3.523e-04 2.372e-03 -1.000 6.884e-03 -1.639 0.515 -0.117 -0.827 -1.258 -1.550 -2.160 -2.253
0.0054091 -0.45000 9.95424 0.9764142036 2.4678407733    0.871  2.594  3.6149  1.195    7  0.000  0.484    13.11     9.47     6.57     5.10     4.14  3 -1.18e-08      0.00 7.241e-01 2.691e-01 8.618e-04 3.534e-04 2.372e-03 -1.000 6.863e-03 -1.715 0.525 -0.122 -0.848 -1.292 -1.591 -2.219 -2.315
0.0054091 -0.45000 9.95424 0.9764249921 2.4678431590    0.867  2.634  3.6094  1.131    7  0.000  0.482    14.98    10.61     7.33     5.70     4.62  3 -1.46e-08      0.00 7.241e-01 2.691e-01 8.585e-04 3.566e-04 2.372e-03 -1.000 6.827e-03 -1.815 0.522 -0.143 -0.887 -1.346 -1.651 -2.299 -2.399
0.0054091 -0.45000 9.95424 0.9764354229 2.4678454656    0.861  2.674  3.6055  1.073    7  0.000  0.480    16.90    11.77     8.09     6.31     5.11  3 -1.81e-08      0.00 7.241e-01 2.691e-01 8.537e-04 3.620e-04 2.372e-03 -1.000 6.794e-03 -1.915 0.495 -0.184 -0.941 -1.411 -1.721 -2.385 -2.487
0.0054091 -0.45000 9.95424 0.9764454961 2.4678476931    0.855  2.714  3.6018  1.015    7  0.000  0.476    19.08    13.06     8.94     6.98     5.66  2 -2.26e-08      0.00 7.241e-01 2.691e-01 8.483e-04 3.685e-04 2.372e-03 -1.000 6.790e-03 -2.016 0.466 -0.227 -0.997 -1.478 -1.792 -2.472 -2.577
0.0054091 -0.45000 9.95424 0.9764549732 2.4678497887    0.847  2.754  3.5980  0.956    7  0.000  0.474    21.55    14.50     9.87     7.72     6.26  2  -2.8e-08      0.00 7.241e-01 2.691e-01 8.432e-04 3.746e-04 2.372e-03 -1.000 6.789e-03 -2.116 0.444 -0.263 -1.047 -1.540 -1.858 -2.557 -2.665
0.0054091 -0.45000 9.95424 0.9764641523 2.4678518184    0.838  2.795  3.5940  0.894    7  0.000  0.471    24.47    16.16    10.94     8.58     6.96  2 -3.54e-08      0.00 7.241e-01 2.691e-01 8.386e-04 3.802e-04 2.372e-03 -1.000 6.783e-03 -2.218 0.427 -0.295 -1.094 -1.600 -1.923 -2.643 -2.754
0.0054091 -0.45000 9.95424 0.9764730334 2.4678537821    0.827  2.840  3.5896  0.826    7  0.000  0.469    28.16    18.21    12.26     9.63     7.82  2 -4.54e-08      0.00 7.241e-01 2.692e-01 8.345e-04 3.853e-04 2.372e-03 -1.000 6.769e-03 -2.329 0.412 -0.328 -1.143 -1.664 -1.992 -2.735 -2.850
0.0054091 -0.45000 9.95424 0.9764803648 2.4678554031    0.815  2.887  3.5848  0.754    7  0.000  0.467    32.68    20.67    13.84    10.90     8.84  2 -5.87e-08      0.00 7.241e-01 2.692e-01 8.307e-04 3.899e-04 2.372e-03 -1.000 6.759e-03 -2.447 0.403 -0.355 -1.185 -1.722 -2.055 -2.830 -2.950
0.0054091 -0.45000 9.95424 0.9764853120 2.4678564970    0.805  2.930  3.5803  0.688    7  0.000  0.465    37.47    23.22    15.46    12.20     9.90  2 -7.41e-08      0.00 7.241e-01 2.692e-01 8.277e-04 3.936e-04 2.372e-03 -1.000 6.733e-03 -2.554 0.396 -0.378 -1.223 -1.774 -2.111 -2.917 -3.040
0.0054091 -0.45000 9.95424 0.9764892459 2.4678573668    0.795  2.971  3.5759  0.623    7  0.000  0.463    42.89    26.04    17.24    13.63    11.07  1 -9.34e-08      0.00 7.240e-01 2.693e-01 8.252e-04 3.967e-04 2.372e-03 -1.000 6.711e-03 -2.658 0.399 -0.390 -1.246 -1.810 -2.151 -2.997 -3.126
0.0054091 -0.45000 9.95424 0.9764930010 2.4678581971    0.783  3.015  3.5710  0.553    7  0.000  0.462    49.54    29.41    19.36    15.35    12.46  1 -1.19e-07      0.00 7.240e-01 2.693e-01 8.231e-04 3.992e-04 2.372e-03 -1.000 6.748e-03 -2.767 0.409 -0.396 -1.263 -1.843 -2.188 -3.079 -3.214
0.0054091 -0.45000 9.95424 0.9764963388 2.4678589351    0.769  3.057  3.5660  0.483    7  0.000  0.461    57.33    33.26    21.76    17.29    14.05  1 -1.53e-07      0.00 7.240e-01 2.693e-01 8.215e-04 4.013e-04 2.372e-03 -1.000 6.784e-03 -2.873 0.433 -0.386 -1.260 -1.854 -2.202 -3.155 -3.297
0.0054091 -0.45000 9.95424 0.9764994383 2.4678596203    0.752  3.099  3.5609  0.411    7  0.000  0.461    66.46    37.64    24.48    19.50    15.84  1 -1.97e-07      0.00 7.239e-01 2.693e-01 8.205e-04 4.025e-04 2.371e-03 -1.000 6.785e-03 -2.976 0.475 -0.361 -1.242 -1.853 -2.204 -3.225 -3.376
0.0054091 -0.45000 9.95424 0.9765021205 2.4678602134    0.732  3.133  3.5565  0.347    7  0.000  0.461    75.78    41.96    27.14    21.68    17.62  0 -2.48e-07      0.00 7.239e-01 2.693e-01 8.201e-04 4.030e-04 2.371e-03 -1.000 6.764e-03 -3.064 0.524 -0.324 -1.206 -1.831 -2.183 -3.279 -3.438
0.0054091 -0.45000 9.95424 0.9765035510 2.4678605296    0.721  3.148  3.5545  0.318    7  0.000  0.460    80.46    44.07    28.44    22.74    18.48  0 -2.77e-07      0.00 7.239e-01 2.693e-01 8.200e-04 4.031e-04 2.371e-03 -1.000 6.763e-03 -3.101 0.549 -0.305 -1.186 -1.818 -2.170 -3.300 -3.464
0.0054091 -0.45000 9.95424 0.9765041471 2.4678606614    0.715  3.161  3.5530  0.295    7  0.000  0.460    84.31    45.81    29.50    23.62    19.19  0    -3e-07      0.00 7.239e-01 2.693e-01 8.200e-04 4.031e-04 2.371e-03 -1.000 6.763e-03 -3.133 0.566 -0.292 -1.173 -1.810 -2.162 -3.320 -3.487
0.0054091 -0.45000 9.95424 0.9765051007 2.4678608723    0.706  3.171  3.5517  0.274    7  0.000  0.460    87.97    47.42    30.48    24.43    19.85  0 -3.25e-07      0.00 7.239e-01 2.693e-01 8.192e-04 4.041e-04 2.371e-03 -1.000 6.763e-03 -3.158 0.584 -0.278 -1.160 -1.801 -2.153 -3.335 -3.505
0.0054091 -0.45000 9.95424 0.9765051603 2.4678608855    0.706  3.172  3.5516  0.273    7  0.000  0.460    88.17    47.51    30.53    24.47    19.88  0 -3.26e-07      0.00 7.239e-01 2.693e-01 8.190e-04 4.044e-04 2.371e-03 -1.000 6.763e-03 -3.160 0.585 -0.278 -1.159 -1.800 -2.153 -3.335 -3.506
0.0054091 -0.45000 9.95424 0.9765052199 2.4678608986    0.705  3.173  3.5515  0.272    7  0.000  0.460    88.45    47.63    30.61    24.53    19.93  0 -3.28e-07      0.00 7.239e-01 2.693e-01 8.188e-04 4.047e-04 2.371e-03 -1.000 6.763e-03 -3.161 0.586 -0.277 -1.158 -1.800 -2.152 -3.337 -3.507
0.0054091 -0.45000 9.95424 0.9765052795 2.4678609118    0.705  3.173  3.5514  0.271    7  0.000  0.459    88.64    47.72    30.66    24.57    19.96  0  -3.3e-07      0.00 7.239e-01 2.693e-01 8.187e-04 4.049e-04 2.371e-03 -1.000 6.763e-03 -3.163 0.587 -0.276 -1.157 -1.799 -2.152 -3.337 -3.508
0.0054091 -0.45000 9.95424 0.9765053391 2.4678609250    0.704  3.166  3.5521  0.280    7  0.000  0.459    86.90    46.92    30.17    24.17    19.64  0 -3.21e-07      0.00 7.239e-01 2.693e-01 8.187e-04 4.049e-04 2.371e-03 -1.000 6.763e-03 -3.146 0.582 -0.279 -1.160 -1.800 -2.153 -3.326 -3.495
0.0054091 -0.45000 9.95424 0.9765056968 2.4678610041    0.700  3.182  3.5500  0.253    7  0.000  0.459    91.94    49.18    31.55    25.30    20.56  0  -3.5e-07      0.00 7.239e-01 2.693e-01 8.185e-04 4.050e-04 2.371e-03 -1.000 6.763e-03 -3.185 0.610 -0.257 -1.137 -1.783 -2.136 -3.348 -3.522
0.0054091 -0.45000 9.95424 0.9765059352 2.4678610568    0.698  3.215  3.5459  0.202    7  0.000  0.459   102.45    53.87    34.42    27.64    22.46  0 -4.08e-07      0.00 7.239e-01 2.693e-01 8.177e-04 4.061e-04 2.371e-03 -1.000 6.751e-03 -3.268 0.670 -0.202 -1.073 -1.734 -2.084 -3.390 -3.573
0.0054091 -0.45000 9.95424 0.9765061140 2.4678610963    0.695  3.241  3.5427  0.162    7  0.000  0.458   111.64    57.90    36.87    29.65    24.10  0 -4.61e-07      0.00 7.239e-01 2.693e-01 8.167e-04 4.072e-04 2.371e-03 -1.000 6.736e-03 -3.333 0.720 -0.158 -1.021 -1.692 -2.042 -3.421 -3.613
0.0054091 -0.45000 9.95424 0.9765064120 2.4678611622    0.690  3.272  3.5388  0.112    7  0.000  0.458   123.12    63.26    40.11    32.31    26.26  0 -5.39e-07      0.00 7.239e-01 2.694e-01 8.159e-04 4.082e-04 2.371e-03 -1.000 6.705e-03 -3.411 0.788 -0.095 -0.949 -1.633 -1.980 -3.456 -3.658
0.0054091 -0.45000 9.95424 0.9765066504 2.4678612149    0.685  3.295  3.5360  0.075    7  0.000  0.458   130.01    67.50    42.67    34.41    27.98  0 -6.07e-07      0.00 7.239e-01 2.694e-01 8.154e-04 4.088e-04 2.371e-03 -1.000 6.694e-03 -3.467 0.843 -0.042 -0.886 -1.580 -1.926 -3.476 -3.687
0.0054091 -0.45000 9.95424 0.9765073657 2.4678613731    0.668  3.336  3.5311  0.003    7  0.000  0.457   144.01    76.35    47.97    38.79    31.54  0 -7.74e-07      0.01 7.239e-01 2.694e-01 8.148e-04 4.095e-04 2.371e-03 -1.000 6.689e-03 -3.571 0.949 0.059 -0.769 -1.483 -1.825 -3.512 -3.738
0.0054091 -0.45000 9.95424 0.9765076041 2.4678614258    0.662  3.343  3.5309 -0.008    7  0.000  0.457   146.12    77.76    48.81    39.49    32.11  0 -8.18e-07      0.01 7.239e-01 2.694e-01 8.147e-04 4.096e-04 2.371e-03 -1.000 6.689e-03 -3.588 0.948 0.057 -0.772 -1.488 -1.831 -3.525 -3.752
0.0054091 -0.45000 9.95424 1.0214973688 2.4773067955    0.530 -9.999  3.9433  7.905    9  0.531  0.000     0.00     0.00     0.00     0.00     0.00 -1    -1e-30      0.00 7.202e-01 2.743e-01 8.367e-04 4.404e-04 2.392e-03 -1.000 5.422e-03 29.767 30.230 30.157 30.015 29.946 29.880 29.736 29.734
#isochrone terminated
